
Power Delivery Element Overload Report

SYMMETRICAL COMPONENT CURRENTS BY CIRCUIT ELEMENT 

Element                             Term    I1    IOver %Normal  %Emerg     I2    %I2/I1    I0    %I0/I1

"Line.157132"                    1   224.2   78.34   149.0   125.4    12.9     5.8    13.0     5.8
"Line.157168"                    1   189.9   43.46   127.2   107.1    10.9     5.7    11.0     5.8
"Line.S_1001933-DA1"             1   337.1   38.24   112.8    90.2     0.6     0.2     0.5     0.2
"Line.S_1001933-DA2"             1   337.1   38.24   112.8    90.2     0.6     0.2     0.5     0.2
"Line.S_1001933-DA3"             1   337.1   38.24   112.8    90.2     0.6     0.2     0.5     0.2
"Line.S_1001665-DA1"             1   337.1   38.15   112.8    90.2     0.6     0.2     0.5     0.2
"Line.S_1001665-DA2"             1   337.1   38.15   112.8    90.2     0.6     0.2     0.5     0.2
"Line.S_1001665-DA3"             1   337.1   38.15   112.8    90.2     0.6     0.2     0.5     0.2
"Line.S_1001577-DA1"             1   672.5  373.67   225.0   180.0     1.7     0.3     1.6     0.2
"Line.S_1001577-DA2"             1   672.5  373.67   225.0   180.0     1.7     0.3     1.6     0.2
"Line.S_1001577-DA3"             1   672.5  373.67   225.0   180.0     1.7     0.3     1.6     0.2
