
LOSSES REPORT

Power Delivery Element Loss Report

Element                  kW Losses    % of Power   kvar Losses

"Transformer.SUB1"                1.16860,     0.00     115.98
"Transformer.SUB2"                1.16860,     0.00     115.98
"Transformer.SUB3"                1.16860,     0.00     115.98
"Line.326"                        0.00000,      0.0     -8.24E-007
"Line.333"                        0.00000,      0.0     1.28569E-006
"Line.335"                        0.00000,      0.0     -8.24E-007
"Line.150394"                     0.00003,      0.0     6.07089E-005
"Line.157109"                     4.66578,     0.09     17.1906
"Line.157115"                     6.64743,     0.12     24.4892
"Line.157116"                     0.00000,      0.0     -1.46235E-006
"Line.157118"                     0.03415,     0.01     0.0169714
"Line.157119"                     1.75388,     0.03     6.46081
"Line.157120"                     0.02029,     0.01     0.010085
"Line.157121"                     0.00017,      0.0     0.000354734
"Line.157122"                     0.02945,     0.01     0.014637
"Line.157123"                     0.00111,     0.00     0.000863904
"Line.157124"                     0.00115,     0.00     0.00244486
"Line.157126"                     0.00816,     0.00     0.00637328
"Line.157127"                     0.09788,     0.04     0.0764499
"Line.157128"                     0.03043,     0.01     0.023768
"Line.157129"                     0.01451,     0.01     0.0113347
"Line.157130"                     0.00090,     0.00     0.00070421
"Line.157131"                     0.00000,      0.0     1.2308E-006
"Line.157132"                     8.22511,     0.18     4.11156
"Line.157133"                     0.43218,     0.01     1.59106
"Line.157136"                     0.00071,      0.0     0.00150846
"Line.157137"                     0.01110,     0.00     0.00866807
"Line.157138"                     0.01964,     0.01     0.00976306
"Line.157142"                     0.42808,     0.01     1.57596
"Line.157143"                     0.56657,     0.01     2.0852
"Line.157144"                     0.39962,     0.01     1.47062
"Line.157145"                     0.39287,     0.01     1.4459
"Line.157147"                     0.00029,      0.0     0.000223471
"Line.157148"                     0.00027,      0.0     0.000213311
"Line.157149"                     0.00292,     0.00     0.00144921
"Line.157150"                     0.00024,      0.0     0.000164602
"Line.157151"                     0.00007,      0.0     5.51709E-005
"Line.157152"                     0.58087,     0.01     2.13784
"Line.157153"                     0.00022,      0.0     0.000473061
"Line.157155"                     0.00456,     0.01     0.00226643
"Line.157156"                     0.00284,     0.01     0.00141306
"Line.157157"                     0.00189,     0.01     0.000940706
"Line.157158"                     0.00116,     0.01     0.000576485
"Line.157159"                     0.00072,      0.0     0.000359119
"Line.157160"                     0.62375,     0.02     2.29659
"Line.157163"                     0.00003,      0.0     5.86149E-005
"Line.157165"                     0.00027,      0.0     0.000133352
"Line.157167"                     0.00071,      0.0     0.00055316
"Line.157168"                    33.49542,     0.85     16.742
"Line.174945"                     0.00000,      0.0     -5.61833E-005
"Line.174947"                     0.00012,      0.0     0.000252229
"Line.174948"                     0.00140,     0.00     0.00299758
"Line.174950"                     0.03946,     0.01     0.0197126
"Line.174951"                     0.00054,      0.0     0.000267975
"Line.174952"                     0.08318,     0.02     0.0416563
"Line.174953"                     0.04800,     0.01     0.0377754
"Line.174954"                     0.00567,     0.00     0.00444712
"Line.174955"                     0.01000,     0.00     0.00785804
"Line.174956"                     0.00033,      0.0     0.000260427
"Line.174957"                     0.00438,     0.00     0.00342039
"Line.174958"                     0.00000,      0.0     -7.1158E-007
"Line.174959"                     0.00000,      0.0     -9.02352E-007
"Line.174960"                     0.00000,      0.0     9.0951E-008
"Line.174961"                     0.01865,     0.02     0.00499111
"Line.174962"                     0.01075,     0.01     0.00287662
"Line.174963"                     0.00222,     0.00     0.000594777
"Line.174964"                     0.00136,     0.00     0.000364301
"Line.174965"                     0.00092,     0.00     0.000247375
"Line.174966"                     0.00446,     0.00     0.00119271
"Line.174967"                     0.00007,      0.0     1.75482E-005
"Line.174968"                     0.00024,      0.0     6.47218E-005
"Line.174969"                     0.00229,     0.00     0.000612035
"Line.174970"                     0.00041,      0.0     0.000109585
"Line.174971"                     0.00005,      0.0     1.22221E-005
"Line.174972"                     0.00008,      0.0     2.13586E-005
"Line.174973"                     0.04812,     0.04     0.0128778
"Line.174974"                     0.00688,     0.01     0.00184187
"Line.174975"                     0.00577,     0.01     0.00154535
"Line.174976"                     0.00023,      0.0     6.11815E-005
"Line.174977"                     0.00132,     0.00     0.000352145
"Line.174978"                     0.00052,      0.0     0.00013949
"Line.174979"                     0.00000,      0.0     5.4134E-009
"Line.174980"                     0.10626,     0.02     0.391202
"Line.174981"                     0.00000,      0.0     -1.04121E-006
"Line.174982"                     0.00409,     0.00     0.0150546
"Line.174983"                     0.11190,     0.01     0.412563
"Line.174984"                     0.00000,      0.0     -4.72408E-006
"Line.174987"                     0.11179,     0.01     0.4122
"Line.174988"                     0.00493,     0.00     0.0181919
"Line.174989"                     0.00010,      0.0     0.00035526
"Line.174990"                     0.01422,     0.00     0.0524354
"Line.174991"                     0.00000,      0.0     -1.53874E-006
"Line.174994"                     0.00057,      0.0     0.00122317
"Line.174995"                     0.27832,     0.01     1.02611
"Line.174998"                     0.20050,     0.01     0.739221
"Line.174999"                     0.15249,     0.01     0.562218
"Line.175000"                     0.00621,     0.00     0.00308507
"Line.175001"                     0.00000,      0.0     -7.28298E-007
"Line.175002"                     0.00098,     0.00     0.000504227
"Line.175003"                     0.00497,     0.01     0.00246702
"Line.175004"                     0.00000,      0.0     -5.09353E-007
"Line.175005"                     0.00000,      0.0     4.2624E-008
"Line.175006"                     0.00031,      0.0     0.000660364
"Line.175007"                     0.20376,     0.01     0.751043
"Line.175008"                     0.23677,     0.01     0.872733
"Line.175009"                     0.00238,     0.00     0.00118245
"Line.175010"                     0.01040,     0.01     0.00278215
"Line.175011"                     0.00036,      0.0     9.52783E-005
"Line.175013"                     0.00150,     0.00     0.000400879
"Line.175014"                     0.00016,      0.0     4.26598E-005
"Line.175015"                     0.00140,     0.00     0.000375029
"Line.175016"                     0.00009,      0.0     2.40947E-005
"Line.175017"                     0.00015,      0.0     3.98416E-005
"Line.175018"                     0.00005,      0.0     1.34655E-005
"Line.175019"                     0.00015,      0.0     4.10551E-005
"Line.175020"                     0.00111,     0.00     0.00029597
"Line.175021"                     0.01041,     0.01     0.00278447
"Line.175022"                     0.01784,     0.02     0.00477325
"Line.175023"                     0.01385,     0.01     0.00370599
"Line.175024"                     0.01667,     0.02     0.00446139
"Line.175025"                     0.00398,     0.01     0.00106561
"Line.175026"                     0.00180,     0.01     0.000482726
"Line.175027"                     0.00032,      0.0     8.48039E-005
"Line.175029"                     0.01116,     0.01     0.00298533
"Line.175030"                     0.00176,     0.00     0.000470908
"Line.175031"                     0.00031,      0.0     8.17425E-005
"Line.175032"                     0.00074,      0.0     0.000199289
"Line.175033"                     0.00031,      0.0     8.25109E-005
"Line.175034"                     0.00146,     0.00     0.00311506
"Line.175035"                     0.00000,      0.0     3.41577E-006
"Line.175036"                     0.00126,     0.00     0.00269094
"Line.175037"                     0.27800,     0.01     1.0234
"Line.175038"                     0.00102,     0.00     0.00374038
"Line.175040"                     0.00002,      0.0     9.06064E-006
"Line.175041"                     0.03316,     0.01     0.0165218
"Line.175042"                     0.04272,     0.01     0.0212543
"Line.175043"                     0.00003,      0.0     2.28614E-005
"Line.175044"                     0.01119,     0.00     0.00556378
"Line.175045"                     0.00009,      0.0     4.28905E-005
"Line.175046"                     0.00000,      0.0     -5.9531E-007
"Line.175047"                     0.01648,     0.01     0.0128738
"Line.175048"                     0.00003,      0.0     2.36584E-005
"Line.175049"                     1.15786,     0.04     4.26374
"Line.175051"                     0.01132,     0.00     0.0415754
"Line.175052"                     0.01358,     0.00     0.0289683
"Line.175053"                     0.45976,     0.04     0.22852
"Line.175054"                     0.14698,     0.01     0.073055
"Line.175055"                     1.52422,     0.14     0.757597
"Line.175056"                     0.04399,     0.00     0.0343632
"Line.175057"                     0.04645,     0.00     0.0362783
"Line.175058"                     0.01089,     0.00     0.0085081
"Line.175059"                     0.30134,     0.05     0.235377
"Line.175060"                     0.08181,     0.02     0.301551
"Line.175061"                     0.07232,     0.02     0.1546
"Line.175062"                     0.02382,     0.01     0.0509279
"Line.175063"                     0.02172,     0.00     0.0464339
"Line.175064"                     0.02100,     0.00     0.0449001
"Line.175065"                     0.00000,      0.0     -1.51946E-006
"Line.175066"                     0.00000,      0.0     -1.49189E-006
"Line.175067"                     0.00000,      0.0     -8.12345E-007
"Line.175068"                     0.00000,      0.0     -7.22529E-007
"Line.175069"                     0.00000,      0.0     -3.66985E-006
"Line.175070"                     0.00000,      0.0     -8.1656E-007
"Line.175071"                     0.01388,     0.00     0.0296816
"Line.175072"                     0.00013,      0.0     0.000273789
"Line.175074"                     0.00032,      0.0     0.000158419
"Line.175075"                     0.00030,      0.0     0.000148002
"Line.175078"                     0.00000,      0.0     -1.93154E-007
"Line.175079"                     0.00352,     0.00     0.00752937
"Line.175080"                     0.10260,     0.03     0.0515015
"Line.175081"                     0.00000,      0.0     -3.08272E-007
"Line.175082"                     0.02522,     0.01     0.0126612
"Line.175083"                     0.02525,     0.01     0.0126742
"Line.175084"                     0.00946,     0.00     0.00475039
"Line.175085"                     0.02442,     0.01     0.0122592
"Line.175086"                     0.08048,     0.02     0.0404216
"Line.175087"                     0.05939,     0.02     0.0298496
"Line.175088"                     0.00168,     0.00     0.00114844
"Line.175089"                     0.00049,      0.0     0.000367589
"Line.175090"                     0.00006,      0.0     0.000117945
"Line.175091"                     0.03642,     0.01     0.0182543
"Line.175092"                     0.00033,      0.0     0.000162329
"Line.175093"                     0.03284,     0.01     0.0165162
"Line.175094"                     0.00074,      0.0     0.000578711
"Line.175098"                     0.00000,      0.0     -1.36852E-006
"Line.182901"                     0.00115,     0.00     0.00245682
"Line.182907"                     0.02925,     0.01     0.0155471
"Line.182908"                     0.00000,      0.0     -9.22806E-007
"Line.182909"                     0.02640,     0.01     0.0140241
"Line.182910"                     0.00000,      0.0     -1.28442E-006
"Line.182911"                     0.03447,     0.02     0.0269244
"Line.182912"                     0.00393,     0.00     0.00306768
"Line.182913"                     0.00005,      0.0     3.78495E-005
"Line.182914"                     0.00195,     0.00     0.00152573
"Line.182915"                     0.00437,     0.00     0.00341326
"Line.182916"                     0.00088,      0.0     0.000687594
"Line.183044"                     0.00127,     0.00     0.00290928
"Line.183045"                     0.00320,     0.00     0.00698642
"Line.183046"                     0.00366,     0.00     0.00365668
"Line.183048"                     0.02116,     0.00     0.0296623
"Line.184239"                     0.00176,     0.00     0.000470598
"Line.184240"                     0.00119,     0.00     0.000317471
"Line.184241"                     0.00047,      0.0     0.000126335
"Line.184242"                     0.00401,     0.01     0.00107228
"Line.184243"                     0.00090,      0.0     0.00024049
"Line.184244"                     0.00901,     0.01     0.00241164
"Line.184245"                     0.01288,     0.01     0.00344779
"Line.184246"                     0.00539,     0.01     0.0014418
"Line.184247"                     0.00313,     0.01     0.000837192
"Line.184248"                     0.00048,      0.0     0.000128839
"Line.184249"                     0.00589,     0.01     0.00157676
"Line.184250"                     0.00191,     0.00     0.000511195
"Line.184251"                     0.00067,      0.0     0.000178267
"Line.184252"                     0.01530,     0.01     0.00409449
"Line.184253"                     0.01591,     0.01     0.00425859
"Line.184254"                     0.00028,      0.0     7.52518E-005
"Line.184255"                     0.00241,     0.00     0.00064485
"Line.184256"                     0.00501,     0.01     0.00133961
"Line.184257"                     0.01391,     0.01     0.00372371
"Line.184258"                     0.00051,      0.0     0.000137043
"Line.184259"                     0.00531,     0.01     0.0014222
"Line.184260"                     0.01047,     0.01     0.00280051
"Line.202135"                     0.11980,     0.00     0.441392
"Line.211128"                     0.00094,     0.00     0.000467359
"Line.215299"                     1.20263,     0.02     2.13863
"Line.216919"                     0.00000,      0.0     1.61167E-006
"Line.216920"                     0.00003,      0.0     2.3328E-005
"Line.216925"                     0.05833,     0.02     0.0294051
"Line.223551"                     0.00006,      0.0     0.000122313
"Line.223584"                     0.00054,      0.0     0.00026547
"Line.223585"                     0.00054,      0.0     0.000145841
"Line.223586"                     0.00003,      0.0     1.21498E-005
"Line.235185"                     0.00311,     0.00     0.00242964
"Line.235186"                     0.00000,      0.0     -1.3929E-007
"Line.235187"                     0.00000,      0.0     -5.13961E-007
"Line.235748"                     0.00730,     0.00     0.00362929
"Line.236614"                     0.00000,      0.0     1.18321E-006
"Line.239659"                     0.00032,      0.0     0.000681747
"Line.239660"                     0.00360,     0.00     0.00178775
"Line.239661"                     0.00018,      0.0     0.000383077
"Line.239662"                     0.00085,      0.0     0.000423928
"Line.239739"                     1.88826,     0.03     6.95728
"Line.241080"                     0.06247,     0.02     0.0310462
"Line.241081"                     0.00216,     0.00     0.00461543
"Line.246177"                     0.00008,      0.0     0.000297048
"Line.246178"                     0.21097,     0.00     0.210969
"Line.246179"                     0.00048,      0.0     0.000376521
"Line.246180"                     1.08371,     0.02     1.92715
"Line.249319"                     0.00000,      0.0     -1.97675E-007
"Line.254077"                     0.21097,     0.00     0.210969
"Line.255376"                     0.03394,     0.00     0.0339383
"Line.255377"                     0.26459,     0.01     0.564574
"Line.255381"                     0.05422,     0.01     0.0270871
"Line.255389"                     0.00000,      0.0     1.48319E-019
"Line.255390"                     0.00000,      0.0     1.1254E-019
"Line.255391"                     0.00000,      0.0     3.13443E-019
"Line.255461"                     0.00767,     0.01     0.00381158
"Line.255469"                     0.04065,     0.01     0.020254
"Line.255471"                     0.00125,     0.00     0.00266743
"Line.255472"                     0.01458,     0.00     0.0113885
"Line.255473"                     0.00088,      0.0     0.00324213
"Line.261180"                     0.03662,     0.01     0.0181993
"Line.261181"                     0.00105,     0.00     0.0022302
"Line.261184"                     0.03564,     0.01     0.0177172
"Line.261185"                     0.00011,      0.0     0.000241979
"Line.261249"                     0.00000,      0.0     -1.89194E-007
"Line.262345"                     0.11375,     0.02     0.056825
"Line.272824"                     0.01414,     0.01     0.00702883
"Line.274465"                     0.51109,     0.01     1.88271
"Line.275695"                     0.01936,     0.01     0.0101949
"Line.279294"                     0.00003,      0.0     5.99595E-005
"Line.279295"                     0.00470,     0.00     0.00233568
"Line.279296"                     0.00009,      0.0     4.484E-005
"Line.279297"                     0.00006,      0.0     2.85083E-005
"Line.280750"                     0.00000,      0.0     2.91987E-006
"Line.280751"                     0.00001,      0.0     3.77403E-006
"Line.280752"                     0.00005,      0.0     2.18654E-005
"Line.282085"                     0.00261,     0.00     0.00129862
"Line.282086"                     0.00035,      0.0     0.000736487
"Line.282088"                     0.00206,     0.00     0.000550273
"Line.282435"                     1.17161,     0.03     4.31328
"Line.282436"                     0.00032,      0.0     0.000683611
"Line.282437"                     0.01201,     0.01     0.00596952
"Line.282438"                     0.02876,     0.02     0.00769505
"Line.285774"                     0.00022,      0.0     0.000107646
"Line.285775"                     0.00022,      0.0     0.000106935
"Line.298361"                     0.20525,     0.00     0.205246
"Line.298362"                     0.20525,     0.00     0.205246
"Line.298366"                     2.47456,     0.05     4.06594
"Line.298367"                     0.67817,     0.01     2.49864
"Line.318386"                     0.00176,     0.00     0.000874578
"Line.318387"                     0.05926,     0.01     0.0296198
"Line.318388"                     0.01298,     0.00     0.00644981
"Line.S_0862099-DA1"              0.07108,     0.44     0.0262464
"Line.S_0862099-DA2"              0.07108,     0.44     0.0262464
"Line.S_0862099-DA3"              0.07108,     0.44     0.0262464
"Line.S_1000663-DA1"              0.03371,     0.43     0.0102405
"Line.S_1000663-DB1"              0.03687,     0.45     0.0112016
"Line.S_1000663-DC1"              0.03892,     0.47     0.0118249
"Line.S_1000252-DB1"              0.08067,     0.67     0.0245184
"Line.S_1001746-DA1"              0.28367,     0.88     0.10484
"Line.S_1001746-DA2"              0.28367,     0.88     0.10484
"Line.S_1001746-DA3"              0.28367,     0.88     0.10484
"Line.S_1000502-DB1"              0.33077,     1.36     0.100549
"Line.S_1000824-DA1"              0.00374,     0.15     0.00113198
"Line.S_1000824-DA2"              0.00374,     0.15     0.00113198
"Line.S_1000824-DA3"              0.00374,     0.15     0.00113198
"Line.S_1000824-DB1"              0.00410,     0.15     0.0012394
"Line.S_1000824-DB2"              0.00410,     0.15     0.0012394
"Line.S_1000824-DB3"              0.00410,     0.15     0.0012394
"Line.S_1000824-DC1"              0.00432,     0.16     0.00130768
"Line.S_1000824-DC2"              0.00432,     0.16     0.00130768
"Line.S_1000824-DC3"              0.00432,     0.16     0.00130768
"Line.S_1001745-DA1"              0.28366,     0.88     0.104835
"Line.S_1001745-DA2"              0.28366,     0.88     0.104835
"Line.S_1001745-DA3"              0.28366,     0.88     0.104835
"Line.S_1001329-DA1"              0.07099,     0.44     0.026215
"Line.S_1001329-DA2"              0.07099,     0.44     0.026215
"Line.S_1001329-DA3"              0.07099,     0.44     0.026215
"Line.S_1001359-DA1"              0.78591,     1.47     0.290485
"Line.S_1001359-DA2"              0.78591,     1.47     0.290485
"Line.S_1001359-DA3"              0.78591,     1.47     0.290485
"Line.S_1001330-DA1"              0.07100,     0.44     0.0262184
"Line.S_1001330-DA2"              0.07100,     0.44     0.0262184
"Line.S_1001330-DA3"              0.07100,     0.44     0.0262184
"Line.S_1001330-DA4"              0.07100,     0.44     0.0262184
"Line.S_1001330-DA5"              0.07100,     0.44     0.0262184
"Line.S_1001330-DA6"              0.07100,     0.44     0.0262184
"Line.S_1000672-DA1"              0.03364,     0.44     0.0102218
"Line.S_1001708-DA1"              1.76441,     2.20     0.652108
"Line.S_1001708-DA2"              1.76441,     2.20     0.652108
"Line.S_1001708-DA3"              1.76441,     2.20     0.652108
"Line.S_1001345-DA1"              0.07095,     0.44     0.0261992
"Line.S_1001345-DA2"              0.07095,     0.44     0.0261992
"Line.S_1001345-DA3"              0.07095,     0.44     0.0261992
"Line.S_1000933-DA1"              0.00284,     0.09     0.00101792
"Line.S_1000933-DA2"              0.00284,     0.09     0.00101792
"Line.S_1000933-DA3"              0.00284,     0.09     0.00101792
"Line.S_1000933-DA4"              0.00284,     0.09     0.00101792
"Line.S_1000933-DA5"              0.00284,     0.09     0.00101792
"Line.S_1000933-DA6"              0.00284,     0.09     0.00101792
"Line.S_1000933-DA7"              0.00284,     0.09     0.00101792
"Line.S_1000933-DA8"              0.00284,     0.09     0.00101792
"Line.S_1000933-DA9"              0.00284,     0.09     0.00101792
"Line.S_1000933-DA10"             0.00284,     0.09     0.00101792
"Line.S_1000933-DA11"             0.00284,     0.09     0.00101792
"Line.S_1000933-DA12"             0.00284,     0.09     0.00101792
"Line.S_1000933-DA13"             0.00284,     0.09     0.00101792
"Line.S_1000933-DA14"             0.00284,     0.09     0.00101792
"Line.S_1000933-DA15"             0.00284,     0.09     0.00101792
"Line.S_1001823-DA1"              0.07364,     0.64     0.0223808
"Line.S_1001822-DA1"              0.00135,     0.09     0.000403177
"Line.S_1001822-DB1"              0.00147,     0.09     0.000441859
"Line.S_1001822-DC1"              0.00155,     0.09     0.000466282
"Line.S_1000042-DA1"              0.01099,     0.25     0.00333519
"Line.S_1000042-DA2"              0.01099,     0.25     0.00333519
"Line.S_1000042-DA3"              0.01099,     0.25     0.00333519
"Line.S_1000042-DA4"              0.01099,     0.25     0.00333519
"Line.S_1000042-DA5"              0.01099,     0.25     0.00333519
"Line.S_1000042-DA6"              0.01099,     0.25     0.00333519
"Line.S_1000042-DA7"              0.01099,     0.25     0.00333519
"Line.S_1000077-DA1"              0.00374,     0.15     0.00113116
"Line.S_1000077-DA2"              0.00374,     0.15     0.00113116
"Line.S_1000077-DA3"              0.00374,     0.15     0.00113116
"Line.S_1000077-DA4"              0.00374,     0.15     0.00113116
"Line.S_1000077-DA5"              0.00374,     0.15     0.00113116
"Line.S_1000077-DA6"              0.00374,     0.15     0.00113116
"Line.S_1000474-DA1"              0.00539,     0.17     0.00163133
"Line.S_1000474-DA2"              0.00539,     0.17     0.00163133
"Line.S_1000474-DA3"              0.00539,     0.17     0.00163133
"Line.S_1000474-DA4"              0.00539,     0.17     0.00163133
"Line.S_1000474-DA5"              0.00539,     0.17     0.00163133
"Line.S_1000043-DA1"              0.00374,     0.15     0.00113117
"Line.S_1000043-DA2"              0.00374,     0.15     0.00113117
"Line.S_1000043-DA3"              0.00374,     0.15     0.00113117
"Line.S_1000043-DA4"              0.00374,     0.15     0.00113117
"Line.S_1000043-DA5"              0.00374,     0.15     0.00113117
"Line.S_1000043-DA6"              0.00374,     0.15     0.00113117
"Line.S_1001567-DA1"              0.07094,     0.44     0.0261953
"Line.S_1001567-DA2"              0.07094,     0.44     0.0261953
"Line.S_1001567-DA3"              0.07094,     0.44     0.0261953
"Line.S_1000233-DB1"              0.08041,     0.68     0.0244386
"Line.S_1000569-DA1"              0.28280,     0.89     0.104498
"Line.S_1000569-DA2"              0.28280,     0.89     0.104498
"Line.S_1000569-DA3"              0.28280,     0.89     0.104498
"Line.S_1000746-DA1"              0.28277,     0.89     0.104489
"Line.S_1000746-DA2"              0.28277,     0.89     0.104489
"Line.S_1000746-DA3"              0.28277,     0.89     0.104489
"Line.S_1000608-DA1"              0.00472,     0.16     0.00142944
"Line.S_1000608-DA2"              0.00472,     0.16     0.00142944
"Line.S_1000608-DA3"              0.00472,     0.16     0.00142944
"Line.S_1000608-DA4"              0.00472,     0.16     0.00142944
"Line.S_1000608-DA5"              0.00472,     0.16     0.00142944
"Line.S_1000608-DA6"              0.00472,     0.16     0.00142944
"Line.S_1000608-DA7"              0.00472,     0.16     0.00142944
"Line.S_1000608-DA8"              0.00472,     0.16     0.00142944
"Line.S_1000609-DA1"              0.00111,     0.08     0.000331572
"Line.S_1000609-DA2"              0.00111,     0.08     0.000331572
"Line.S_1000609-DA3"              0.00111,     0.08     0.000331572
"Line.S_1000609-DA4"              0.00111,     0.08     0.000331572
"Line.S_1000609-DA5"              0.00111,     0.08     0.000331572
"Line.S_1000609-DA6"              0.00111,     0.08     0.000331572
"Line.S_1000609-DA7"              0.00111,     0.08     0.000331572
"Line.S_1000609-DA8"              0.00111,     0.08     0.000331572
"Line.S_1000609-DA9"              0.00111,     0.08     0.000331572
"Line.S_1000609-DA10"             0.00111,     0.08     0.000331572
"Line.S_1000609-DA11"             0.00111,     0.08     0.000331572
"Line.S_1000610-DA1"              0.00444,     0.16     0.00134357
"Line.S_1000610-DA2"              0.00444,     0.16     0.00134357
"Line.S_1000610-DA3"              0.00444,     0.16     0.00134357
"Line.S_1000610-DA4"              0.00444,     0.16     0.00134357
"Line.S_1000610-DA5"              0.00444,     0.16     0.00134357
"Line.S_1000610-DA6"              0.00444,     0.16     0.00134357
"Line.S_1000610-DA7"              0.00444,     0.16     0.00134357
"Line.S_1000610-DA8"              0.00444,     0.16     0.00134357
"Line.S_1000610-DA9"              0.00444,     0.16     0.00134357
"Line.S_1000610-DA10"             0.00444,     0.16     0.00134357
"Line.S_1000610-DA11"             0.00444,     0.16     0.00134357
"Line.S_1000611-DA1"              0.00537,     0.18     0.00162672
"Line.S_1000611-DA2"              0.00537,     0.18     0.00162672
"Line.S_1000611-DA3"              0.00537,     0.18     0.00162672
"Line.S_1000611-DA4"              0.00537,     0.18     0.00162672
"Line.S_1000611-DA5"              0.00537,     0.18     0.00162672
"Line.S_1000612-DA1"              0.00839,     0.22     0.00254493
"Line.S_1000612-DA2"              0.00839,     0.22     0.00254493
"Line.S_1000612-DA3"              0.00839,     0.22     0.00254493
"Line.S_1000612-DA4"              0.00839,     0.22     0.00254493
"Line.S_1000612-DA5"              0.00839,     0.22     0.00254493
"Line.S_1000612-DA6"              0.00839,     0.22     0.00254493
"Line.S_1000612-DA7"              0.00839,     0.22     0.00254493
"Line.S_1000612-DA8"              0.00839,     0.22     0.00254493
"Line.S_1000598-DC1"              0.00430,     0.16     0.00130269
"Line.S_1000598-DC2"              0.00430,     0.16     0.00130269
"Line.S_1000598-DC3"              0.00430,     0.16     0.00130269
"Line.S_1000598-DC4"              0.00430,     0.16     0.00130269
"Line.S_1000598-DC5"              0.00430,     0.16     0.00130269
"Line.S_1000598-DC6"              0.00430,     0.16     0.00130269
"Line.S_1000598-DC7"              0.00430,     0.16     0.00130269
"Line.S_1000598-DC8"              0.00430,     0.16     0.00130269
"Line.S_1000598-DC9"              0.00430,     0.16     0.00130269
"Line.S_1000599-DC1"              0.00288,     0.13     0.000870199
"Line.S_1000599-DC2"              0.00288,     0.13     0.000870199
"Line.S_1000599-DC3"              0.00288,     0.13     0.000870199
"Line.S_1000599-DC4"              0.00288,     0.13     0.000870199
"Line.S_1000599-DC5"              0.00288,     0.13     0.000870199
"Line.S_1000599-DC6"              0.00288,     0.13     0.000870199
"Line.S_1000599-DC7"              0.00288,     0.13     0.000870199
"Line.S_1000599-DC8"              0.00288,     0.13     0.000870199
"Line.S_1000599-DC9"              0.00288,     0.13     0.000870199
"Line.S_1000599-DC10"             0.00288,     0.13     0.000870199
"Line.S_1000599-DC11"             0.00288,     0.13     0.000870199
"Line.S_1000600-DC1"              0.00191,     0.10     0.000575705
"Line.S_1000600-DC2"              0.00191,     0.10     0.000575705
"Line.S_1000600-DC3"              0.00191,     0.10     0.000575705
"Line.S_1000600-DC4"              0.00191,     0.10     0.000575705
"Line.S_1000600-DC5"              0.00191,     0.10     0.000575705
"Line.S_1000600-DC6"              0.00191,     0.10     0.000575705
"Line.S_1000600-DC7"              0.00191,     0.10     0.000575705
"Line.S_1000600-DC8"              0.00191,     0.10     0.000575705
"Line.S_1000600-DC9"              0.00191,     0.10     0.000575705
"Line.S_1000602-DC1"              0.00242,     0.12     0.000730136
"Line.S_1000602-DC2"              0.00242,     0.12     0.000730136
"Line.S_1000602-DC3"              0.00242,     0.12     0.000730136
"Line.S_1000602-DC4"              0.00242,     0.12     0.000730136
"Line.S_1000602-DC5"              0.00242,     0.12     0.000730136
"Line.S_1000602-DC6"              0.00242,     0.12     0.000730136
"Line.S_1000602-DC7"              0.00242,     0.12     0.000730136
"Line.S_1000602-DC8"              0.00242,     0.12     0.000730136
"Line.S_1000601-DC1"              0.00242,     0.12     0.000730137
"Line.S_1000601-DC2"              0.00242,     0.12     0.000730137
"Line.S_1000601-DC3"              0.00242,     0.12     0.000730137
"Line.S_1000601-DC4"              0.00242,     0.12     0.000730137
"Line.S_1000601-DC5"              0.00242,     0.12     0.000730137
"Line.S_1000601-DC6"              0.00242,     0.12     0.000730137
"Line.S_1000601-DC7"              0.00242,     0.12     0.000730137
"Line.S_1000601-DC8"              0.00242,     0.12     0.000730137
"Line.S_1000603-DB1"              0.00675,     0.20     0.00204682
"Line.S_1000603-DB2"              0.00675,     0.20     0.00204682
"Line.S_1000603-DB3"              0.00675,     0.20     0.00204682
"Line.S_1000603-DB4"              0.00675,     0.20     0.00204682
"Line.S_1000603-DB5"              0.00675,     0.20     0.00204682
"Line.S_1000603-DB6"              0.00675,     0.20     0.00204682
"Line.S_1000603-DB7"              0.00675,     0.20     0.00204682
"Line.S_1000604-DB1"              0.00147,     0.09     0.000441272
"Line.S_1000604-DB2"              0.00147,     0.09     0.000441272
"Line.S_1000604-DB3"              0.00147,     0.09     0.000441272
"Line.S_1000604-DB4"              0.00147,     0.09     0.000441272
"Line.S_1000604-DB5"              0.00147,     0.09     0.000441272
"Line.S_1000604-DB6"              0.00147,     0.09     0.000441272
"Line.S_1000604-DB7"              0.00147,     0.09     0.000441272
"Line.S_1000604-DB8"              0.00147,     0.09     0.000441272
"Line.S_1000604-DB9"              0.00147,     0.09     0.000441272
"Line.S_1000604-DB10"             0.00147,     0.09     0.000441272
"Line.S_1000604-DB11"             0.00147,     0.09     0.000441272
"Line.S_1000604-DB12"             0.00147,     0.09     0.000441272
"Line.S_1000604-DB13"             0.00147,     0.09     0.000441272
"Line.S_1000604-DB14"             0.00147,     0.09     0.000441272
"Line.S_1000604-DB15"             0.00147,     0.09     0.000441272
"Line.S_1000605-DB1"              0.00486,     0.17     0.00147176
"Line.S_1000605-DB2"              0.00486,     0.17     0.00147176
"Line.S_1000605-DB3"              0.00486,     0.17     0.00147176
"Line.S_1000605-DB4"              0.00486,     0.17     0.00147176
"Line.S_1000605-DB5"              0.00486,     0.17     0.00147176
"Line.S_1000605-DB6"              0.00486,     0.17     0.00147176
"Line.S_1000605-DB7"              0.00486,     0.17     0.00147176
"Line.S_1000605-DB8"              0.00486,     0.17     0.00147176
"Line.S_1000605-DB9"              0.00486,     0.17     0.00147176
"Line.S_1000605-DB10"             0.00486,     0.17     0.00147176
"Line.S_1000605-DB11"             0.00486,     0.17     0.00147176
"Line.S_1000606-DB1"              0.00230,     0.11     0.00069273
"Line.S_1000606-DB2"              0.00230,     0.11     0.00069273
"Line.S_1000606-DB3"              0.00230,     0.11     0.00069273
"Line.S_1000606-DB4"              0.00230,     0.11     0.00069273
"Line.S_1000606-DB5"              0.00230,     0.11     0.00069273
"Line.S_1000606-DB6"              0.00230,     0.11     0.00069273
"Line.S_1000606-DB7"              0.00230,     0.11     0.00069273
"Line.S_1000606-DB8"              0.00230,     0.11     0.00069273
"Line.S_1000606-DB9"              0.00230,     0.11     0.00069273
"Line.S_1000606-DB10"             0.00230,     0.11     0.00069273
"Line.S_1000606-DB11"             0.00230,     0.11     0.00069273
"Line.S_1000606-DB12"             0.00230,     0.11     0.00069273
"Line.S_1000607-DB1"              0.00230,     0.11     0.00069258
"Line.S_1000607-DB2"              0.00230,     0.11     0.00069258
"Line.S_1000607-DB3"              0.00230,     0.11     0.00069258
"Line.S_1000607-DB4"              0.00230,     0.11     0.00069258
"Line.S_1000607-DB5"              0.00230,     0.11     0.00069258
"Line.S_1000607-DB6"              0.00230,     0.11     0.00069258
"Line.S_1000607-DB7"              0.00230,     0.11     0.00069258
"Line.S_1000607-DB8"              0.00230,     0.11     0.00069258
"Line.S_1001933-DA1"              3.12591,     2.94     1.15505
"Line.S_1001933-DA2"              3.12591,     2.94     1.15505
"Line.S_1001933-DA3"              3.12591,     2.94     1.15505
"Line.S_1000198-DA1"              0.00537,     0.18     0.00162722
"Line.S_1000548-DA1"              0.13407,     0.87     0.0407511
"Line.S_1000069-DA1"              0.07079,     0.45     0.0261369
"Line.S_1000069-DA2"              0.07079,     0.45     0.0261369
"Line.S_1000069-DA3"              0.07079,     0.45     0.0261369
"Line.S_1000069-DA4"              0.07079,     0.45     0.0261369
"Line.S_1000069-DA5"              0.07079,     0.45     0.0261369
"Line.S_1000069-DA6"              0.07079,     0.45     0.0261369
"Line.S_1000531-DA1"              0.00250,     0.12     0.000753764
"Line.S_1000531-DA2"              0.00250,     0.12     0.000753764
"Line.S_1000531-DA3"              0.00250,     0.12     0.000753764
"Line.S_1000531-DA4"              0.00250,     0.12     0.000753764
"Line.S_1000531-DA5"              0.00250,     0.12     0.000753764
"Line.S_1000531-DA6"              0.00250,     0.12     0.000753764
"Line.S_1000531-DA7"              0.00250,     0.12     0.000753764
"Line.S_1000531-DA8"              0.00250,     0.12     0.000753764
"Line.S_1000531-DA9"              0.00250,     0.12     0.000753764
"Line.S_1000531-DA10"             0.00250,     0.12     0.000753764
"Line.S_1000531-DA11"             0.00250,     0.12     0.000753764
"Line.S_1000533-DA1"              0.00250,     0.12     0.000753759
"Line.S_1000533-DA2"              0.00250,     0.12     0.000753759
"Line.S_1000533-DA3"              0.00250,     0.12     0.000753759
"Line.S_1000533-DA4"              0.00250,     0.12     0.000753759
"Line.S_1000533-DA5"              0.00250,     0.12     0.000753759
"Line.S_1000533-DA6"              0.00250,     0.12     0.000753759
"Line.S_1000533-DA7"              0.00250,     0.12     0.000753759
"Line.S_1000533-DA8"              0.00250,     0.12     0.000753759
"Line.S_1000533-DA9"              0.00250,     0.12     0.000753759
"Line.S_1000533-DA10"             0.00250,     0.12     0.000753759
"Line.S_1000533-DA11"             0.00250,     0.12     0.000753759
"Line.S_1000532-DA1"              0.00444,     0.16     0.00134425
"Line.S_1000532-DA2"              0.00444,     0.16     0.00134425
"Line.S_1000532-DA3"              0.00444,     0.16     0.00134425
"Line.S_1000532-DA4"              0.00444,     0.16     0.00134425
"Line.S_1000532-DA5"              0.00444,     0.16     0.00134425
"Line.S_1000532-DA6"              0.00444,     0.16     0.00134425
"Line.S_1000532-DA7"              0.00444,     0.16     0.00134425
"Line.S_1000532-DA8"              0.00444,     0.16     0.00134425
"Line.S_1000532-DA9"              0.00444,     0.16     0.00134425
"Line.S_1000532-DA10"             0.00444,     0.16     0.00134425
"Line.S_1000532-DA11"             0.00444,     0.16     0.00134425
"Line.S_1000582-DA1"              0.00274,     0.13     0.000827643
"Line.S_1000582-DA2"              0.00274,     0.13     0.000827643
"Line.S_1000582-DA3"              0.00274,     0.13     0.000827643
"Line.S_1000582-DA4"              0.00274,     0.13     0.000827643
"Line.S_1000582-DA5"              0.00274,     0.13     0.000827643
"Line.S_1000582-DA6"              0.00274,     0.13     0.000827643
"Line.S_1000582-DA7"              0.00274,     0.13     0.000827643
"Line.S_1000581-DA1"              0.00210,     0.11     0.000632314
"Line.S_1000581-DA2"              0.00210,     0.11     0.000632314
"Line.S_1000581-DA3"              0.00210,     0.11     0.000632314
"Line.S_1000581-DA4"              0.00210,     0.11     0.000632314
"Line.S_1000581-DA5"              0.00210,     0.11     0.000632314
"Line.S_1000581-DA6"              0.00210,     0.11     0.000632314
"Line.S_1000581-DA7"              0.00210,     0.11     0.000632314
"Line.S_1000581-DA8"              0.00210,     0.11     0.000632314
"Line.S_1000537-DA1"              0.00179,     0.10     0.000538035
"Line.S_1000537-DA2"              0.00179,     0.10     0.000538035
"Line.S_1000537-DA3"              0.00179,     0.10     0.000538035
"Line.S_1000537-DA4"              0.00179,     0.10     0.000538035
"Line.S_1000537-DA5"              0.00179,     0.10     0.000538035
"Line.S_1000537-DA6"              0.00179,     0.10     0.000538035
"Line.S_1000537-DA7"              0.00179,     0.10     0.000538035
"Line.S_1000537-DA8"              0.00179,     0.10     0.000538035
"Line.S_1000537-DA9"              0.00179,     0.10     0.000538035
"Line.S_1000537-DA10"             0.00179,     0.10     0.000538035
"Line.S_1000537-DA11"             0.00179,     0.10     0.000538035
"Line.S_1000537-DA12"             0.00179,     0.10     0.000538035
"Line.S_1000537-DA13"             0.00179,     0.10     0.000538035
"Line.S_1000536-DA1"              0.00444,     0.16     0.00134425
"Line.S_1000536-DA2"              0.00444,     0.16     0.00134425
"Line.S_1000536-DA3"              0.00444,     0.16     0.00134425
"Line.S_1000536-DA4"              0.00444,     0.16     0.00134425
"Line.S_1000536-DA5"              0.00444,     0.16     0.00134425
"Line.S_1000536-DA6"              0.00444,     0.16     0.00134425
"Line.S_1000536-DA7"              0.00444,     0.16     0.00134425
"Line.S_1000536-DA8"              0.00444,     0.16     0.00134425
"Line.S_1000536-DA9"              0.00444,     0.16     0.00134425
"Line.S_1000536-DA10"             0.00444,     0.16     0.00134425
"Line.S_1000536-DA11"             0.00444,     0.16     0.00134425
"Line.S_1000534-DC1"              0.00032,      0.0     9.15612E-005
"Line.S_1000534-DC2"              0.00032,      0.0     9.15612E-005
"Line.S_1000534-DC3"              0.00032,      0.0     9.15612E-005
"Line.S_1000534-DC4"              0.00032,      0.0     9.15612E-005
"Line.S_1000534-DC5"              0.00032,      0.0     9.15612E-005
"Line.S_1000534-DC6"              0.00032,      0.0     9.15612E-005
"Line.S_1000534-DC7"              0.00032,      0.0     9.15612E-005
"Line.S_1000534-DC8"              0.00032,      0.0     9.15612E-005
"Line.S_1000534-DC9"              0.00032,      0.0     9.15612E-005
"Line.S_1000534-DC10"             0.00032,      0.0     9.15612E-005
"Line.S_1000534-DC11"             0.00032,      0.0     9.15612E-005
"Line.S_1000535-DC1"              0.00512,     0.17     0.00155163
"Line.S_1000535-DC2"              0.00512,     0.17     0.00155163
"Line.S_1000535-DC3"              0.00512,     0.17     0.00155163
"Line.S_1000535-DC4"              0.00512,     0.17     0.00155163
"Line.S_1000535-DC5"              0.00512,     0.17     0.00155163
"Line.S_1000535-DC6"              0.00512,     0.17     0.00155163
"Line.S_1000535-DC7"              0.00512,     0.17     0.00155163
"Line.S_1000535-DC8"              0.00512,     0.17     0.00155163
"Line.S_1000535-DC9"              0.00512,     0.17     0.00155163
"Line.S_1000535-DC10"             0.00512,     0.17     0.00155163
"Line.S_1000535-DC11"             0.00512,     0.17     0.00155163
"Line.S_1000586-DC1"              0.00968,     0.24     0.00293772
"Line.S_1000586-DC2"              0.00968,     0.24     0.00293772
"Line.S_1000586-DC3"              0.00968,     0.24     0.00293772
"Line.S_1000586-DC4"              0.00968,     0.24     0.00293772
"Line.S_1000589-DC1"              0.00620,     0.19     0.00187857
"Line.S_1000589-DC2"              0.00620,     0.19     0.00187857
"Line.S_1000589-DC3"              0.00620,     0.19     0.00187857
"Line.S_1000589-DC4"              0.00620,     0.19     0.00187857
"Line.S_1000589-DC5"              0.00620,     0.19     0.00187857
"Line.S_1000589-DC6"              0.00620,     0.19     0.00187857
"Line.S_1000589-DC7"              0.00620,     0.19     0.00187857
"Line.S_1000589-DC8"              0.00620,     0.19     0.00187857
"Line.S_1000589-DC9"              0.00620,     0.19     0.00187857
"Line.S_1000589-DC10"             0.00620,     0.19     0.00187857
"Line.S_1000587-DC1"              0.00288,     0.13     0.000870445
"Line.S_1000587-DC2"              0.00288,     0.13     0.000870445
"Line.S_1000587-DC3"              0.00288,     0.13     0.000870445
"Line.S_1000587-DC4"              0.00288,     0.13     0.000870445
"Line.S_1000587-DC5"              0.00288,     0.13     0.000870445
"Line.S_1000587-DC6"              0.00288,     0.13     0.000870445
"Line.S_1000587-DC7"              0.00288,     0.13     0.000870445
"Line.S_1000587-DC8"              0.00288,     0.13     0.000870445
"Line.S_1000587-DC9"              0.00288,     0.13     0.000870445
"Line.S_1000587-DC10"             0.00288,     0.13     0.000870445
"Line.S_1000587-DC11"             0.00288,     0.13     0.000870445
"Line.S_1000588-DC1"              0.00349,     0.14     0.00105442
"Line.S_1000588-DC2"              0.00349,     0.14     0.00105442
"Line.S_1000588-DC3"              0.00349,     0.14     0.00105442
"Line.S_1000588-DC4"              0.00349,     0.14     0.00105442
"Line.S_1000588-DC5"              0.00349,     0.14     0.00105442
"Line.S_1000588-DC6"              0.00349,     0.14     0.00105442
"Line.S_1000588-DC7"              0.00349,     0.14     0.00105442
"Line.S_1000588-DC8"              0.00349,     0.14     0.00105442
"Line.S_1000588-DC9"              0.00349,     0.14     0.00105442
"Line.S_1000588-DC10"             0.00349,     0.14     0.00105442
"Line.S_1000585-DC1"              0.00430,     0.16     0.00130271
"Line.S_1000585-DC2"              0.00430,     0.16     0.00130271
"Line.S_1000585-DC3"              0.00430,     0.16     0.00130271
"Line.S_1000585-DC4"              0.00430,     0.16     0.00130271
"Line.S_1000585-DC5"              0.00430,     0.16     0.00130271
"Line.S_1000585-DC6"              0.00430,     0.16     0.00130271
"Line.S_1000584-DC1"              0.00367,     0.15     0.00110929
"Line.S_1000584-DC2"              0.00367,     0.15     0.00110929
"Line.S_1000584-DC3"              0.00367,     0.15     0.00110929
"Line.S_1000584-DC4"              0.00367,     0.15     0.00110929
"Line.S_1000584-DC5"              0.00367,     0.15     0.00110929
"Line.S_1000584-DC6"              0.00367,     0.15     0.00110929
"Line.S_1000584-DC7"              0.00367,     0.15     0.00110929
"Line.S_1000584-DC8"              0.00367,     0.15     0.00110929
"Line.S_1000584-DC9"              0.00367,     0.15     0.00110929
"Line.S_1000584-DC10"             0.00367,     0.15     0.00110929
"Line.S_1000584-DC11"             0.00367,     0.15     0.00110929
"Line.S_1000584-DC12"             0.00367,     0.15     0.00110929
"Line.S_1000584-DC13"             0.00367,     0.15     0.00110929
"Line.S_1000583-DC1"              0.00349,     0.14     0.0010544
"Line.S_1000583-DC2"              0.00349,     0.14     0.0010544
"Line.S_1000583-DC3"              0.00349,     0.14     0.0010544
"Line.S_1000583-DC4"              0.00349,     0.14     0.0010544
"Line.S_1000583-DC5"              0.00349,     0.14     0.0010544
"Line.S_1000583-DC6"              0.00349,     0.14     0.0010544
"Line.S_1000583-DC7"              0.00349,     0.14     0.0010544
"Line.S_1000583-DC8"              0.00349,     0.14     0.0010544
"Line.S_1000583-DC9"              0.00349,     0.14     0.0010544
"Line.S_1000583-DC10"             0.00349,     0.14     0.0010544
"Line.S_1000016-DB1"              0.00230,     0.11     0.000692935
"Line.S_1000016-DB2"              0.00230,     0.11     0.000692935
"Line.S_1000016-DB3"              0.00230,     0.11     0.000692935
"Line.S_1000016-DB4"              0.00230,     0.11     0.000692935
"Line.S_1000015-DA1"              0.00537,     0.18     0.00162752
"Line.S_1000015-DA2"              0.00537,     0.18     0.00162752
"Line.S_1000015-DA3"              0.00537,     0.18     0.00162752
"Line.S_1000015-DA4"              0.00537,     0.18     0.00162752
"Line.S_1000015-DA5"              0.00537,     0.18     0.00162752
"Line.S_1000764-DA1"              0.78392,     1.48     0.2897
"Line.S_1000764-DA2"              0.78392,     1.48     0.2897
"Line.S_1000764-DA3"              0.78392,     1.48     0.2897
"Line.S_1000764-DA4"              0.78392,     1.48     0.2897
"Line.S_1000764-DA5"              0.78392,     1.48     0.2897
"Line.S_1000764-DA6"              0.78392,     1.48     0.2897
"Line.S_1000199-DA1"              0.01208,     0.26     0.00366688
"Line.S_1000199-DB1"              0.01323,     0.27     0.00401607
"Line.S_1000199-DC1"              0.01394,     0.28     0.00423099
"Line.S_1000567-DA1"              0.28270,     0.89     0.104462
"Line.S_1000567-DA2"              0.28270,     0.89     0.104462
"Line.S_1000567-DA3"              0.28270,     0.89     0.104462
"Line.S_1001665-DA1"              3.12437,     2.95     1.15449
"Line.S_1001665-DA2"              3.12437,     2.95     1.15449
"Line.S_1001665-DA3"              3.12437,     2.95     1.15449
"Line.S_1001577-DA1"             12.43727,     5.83     4.59458
"Line.S_1001577-DA2"             12.43727,     5.83     4.59458
"Line.S_1001577-DA3"             12.43727,     5.83     4.59458
"Line.S_1002055-DA1"              0.03355,     0.44     0.0101941
"Line.S_1002055-DB1"              0.03674,     0.46     0.0111628
"Line.S_1002055-DC1"              0.03870,     0.47     0.0117603
"Line.S_1000538-DA1"              0.01208,     0.26     0.00366688
"Line.S_1000538-DB1"              0.01323,     0.27     0.00401551
"Line.S_1000538-DC1"              0.01394,     0.28     0.00423081
"Line.S_1000087-DA1"              0.01208,     0.26     0.0036667
"Line.S_1000087-DB1"              0.01323,     0.27     0.00401521
"Line.S_1000087-DC1"              0.01394,     0.28     0.00423057
"Line.S_1000070-DB1"              0.02351,     0.37     0.00714243
"Line.S_1000070-DB2"              0.02351,     0.37     0.00714243
"Line.S_1000070-DB3"              0.02351,     0.37     0.00714243
"Line.S_1000070-DB4"              0.02351,     0.37     0.00714243
"Line.S_1000070-DB5"              0.02351,     0.37     0.00714243
"Line.S_1000071-DA1"              0.01208,     0.26     0.00366655
"Line.S_1000071-DB1"              0.01323,     0.27     0.00401492
"Line.S_1000071-DC1"              0.01393,     0.28     0.00423038
"Line.S_1000119-DB1"              0.00147,     0.09     0.000441065
"Line.S_1000119-DB2"              0.00147,     0.09     0.000441065
"Line.S_1002001-DA1"              0.00197,     0.07     0.000695406
"Line.S_1002001-DA2"              0.00197,     0.07     0.000695406
"Line.S_1002001-DA3"              0.00197,     0.07     0.000695406
"Line.S_1002001-DA4"              0.00197,     0.07     0.000695406
"Line.S_1002001-DA5"              0.00197,     0.07     0.000695406
"Line.S_1002001-DA6"              0.00197,     0.07     0.000695406
"Line.S_1002001-DA7"              0.00197,     0.07     0.000695406
"Line.S_1002001-DA8"              0.00197,     0.07     0.000695406
"Line.S_1002001-DA9"              0.00197,     0.07     0.000695406
"Line.S_1002001-DA10"             0.00197,     0.07     0.000695406
"Line.S_1002001-DA11"             0.00197,     0.07     0.000695406
"Line.S_1002001-DA12"             0.00197,     0.07     0.000695406
"Line.S_1002001-DA13"             0.00197,     0.07     0.000695406
"Line.S_1002001-DA14"             0.00197,     0.07     0.000695406
"Line.S_1002001-DA15"             0.00197,     0.07     0.000695406
"Line.S_1002001-DA16"             0.00197,     0.07     0.000695406
"Line.S_1002001-DA17"             0.00197,     0.07     0.000695406
"Line.S_1002001-DA18"             0.00197,     0.07     0.000695406
"Line.S_1000330-DC1"              0.00619,     0.19     0.00187733
"Line.S_1000330-DC2"              0.00619,     0.19     0.00187733
"Line.S_1000330-DC3"              0.00619,     0.19     0.00187733
"Line.S_1000330-DC4"              0.00619,     0.19     0.00187733
"Line.S_1000330-DC5"              0.00619,     0.19     0.00187733
"Line.S_1000277-DC1"              0.03869,     0.47     0.0117557
"Line.S_1001523-DA1"              0.00210,     0.11     0.000631948
"Line.S_1001523-DA2"              0.00210,     0.11     0.000631948
"Line.S_1001523-DA3"              0.00210,     0.11     0.000631948
"Line.S_1001523-DA4"              0.00210,     0.11     0.000631948
"Line.S_1001523-DB1"              0.00230,     0.11     0.00069243
"Line.S_1001523-DB2"              0.00230,     0.11     0.00069243
"Line.S_1001523-DB3"              0.00230,     0.11     0.00069243
"Line.S_1001523-DB4"              0.00230,     0.11     0.00069243
"Line.S_1001523-DC1"              0.00242,     0.12     0.000729871
"Line.S_1001523-DC2"              0.00242,     0.12     0.000729871
"Line.S_1001523-DC3"              0.00242,     0.12     0.000729871
"Line.S_1001523-DC4"              0.00242,     0.12     0.000729871
"Line.S_1001522-DA1"              0.00443,     0.11     0.00160428
"Line.S_1001522-DA2"              0.00443,     0.11     0.00160428
"Line.S_1001522-DA3"              0.00443,     0.11     0.00160428
"Line.S_1001522-DA4"              0.00443,     0.11     0.00160428
"Line.S_1001522-DA5"              0.00443,     0.11     0.00160428
"Line.S_1001522-DA6"              0.00443,     0.11     0.00160428
"Line.S_1001522-DA7"              0.00443,     0.11     0.00160428
"Line.S_1001522-DA8"              0.00443,     0.11     0.00160428
"Line.S_1001522-DA9"              0.00443,     0.11     0.00160428
"Line.S_1001522-DA10"             0.00443,     0.11     0.00160428
"Line.S_1001522-DA11"             0.00443,     0.11     0.00160428
"Line.S_1001522-DA12"             0.00443,     0.11     0.00160428
"Line.S_1001522-DA13"             0.00443,     0.11     0.00160428
"Line.S_1001522-DA14"             0.00443,     0.11     0.00160428
"Line.S_1001522-DA15"             0.00443,     0.11     0.00160428
"Line.S_1001522-DA16"             0.00443,     0.11     0.00160428
"Line.S_1001522-DA17"             0.00443,     0.11     0.00160428
"Line.S_1001522-DA18"             0.00443,     0.11     0.00160428
"Line.S_1001522-DA19"             0.00443,     0.11     0.00160428
"Line.S_1001522-DA20"             0.00443,     0.11     0.00160428
"Line.S_1001522-DA21"             0.00443,     0.11     0.00160428
"Line.S_1001522-DA22"             0.00443,     0.11     0.00160428
"Line.S_1001522-DA23"             0.00443,     0.11     0.00160428
"Line.S_1001522-DA24"             0.00443,     0.11     0.00160428
"Line.S_1001524-DA1"              0.00442,     0.11     0.00160387
"Line.S_1001524-DA2"              0.00442,     0.11     0.00160387
"Line.S_1001524-DA3"              0.00442,     0.11     0.00160387
"Line.S_1001524-DA4"              0.00442,     0.11     0.00160387
"Line.S_1001524-DA5"              0.00442,     0.11     0.00160387
"Line.S_1001524-DA6"              0.00442,     0.11     0.00160387
"Line.S_1001524-DA7"              0.00442,     0.11     0.00160387
"Line.S_1001524-DA8"              0.00442,     0.11     0.00160387
"Line.S_1001524-DA9"              0.00442,     0.11     0.00160387
"Line.S_1001524-DA10"             0.00442,     0.11     0.00160387
"Line.S_1001524-DA11"             0.00442,     0.11     0.00160387
"Line.S_1001524-DA12"             0.00442,     0.11     0.00160387
"Line.S_1001525-DA1"              0.00111,     0.06     0.000377219
"Line.S_1001525-DA2"              0.00111,     0.06     0.000377219
"Line.S_1001525-DA3"              0.00111,     0.06     0.000377219
"Line.S_1001525-DA4"              0.00111,     0.06     0.000377219
"Line.S_1001525-DA5"              0.00111,     0.06     0.000377219
"Line.S_1001525-DA6"              0.00111,     0.06     0.000377219
"Line.S_1001525-DA7"              0.00111,     0.06     0.000377219
"Line.S_1001525-DA8"              0.00111,     0.06     0.000377219
"Line.S_1001525-DA9"              0.00111,     0.06     0.000377219
"Line.S_1001525-DA10"             0.00111,     0.06     0.000377219
"Line.S_1001525-DA11"             0.00111,     0.06     0.000377219
"Line.S_1001525-DA12"             0.00111,     0.06     0.000377219
"Line.S_1001525-DA13"             0.00111,     0.06     0.000377219
"Line.S_1001525-DA14"             0.00111,     0.06     0.000377219
"Line.S_1001525-DA15"             0.00111,     0.06     0.000377219
"Line.S_1001525-DA16"             0.00111,     0.06     0.000377219
"Line.S_1001525-DA17"             0.00111,     0.06     0.000377219
"Line.S_1001525-DA18"             0.00111,     0.06     0.000377219
"Line.S_1001525-DA19"             0.00111,     0.06     0.000377219
"Line.S_1001525-DA20"             0.00111,     0.06     0.000377219
"Line.S_1001525-DA21"             0.00111,     0.06     0.000377219
"Line.S_1001525-DA22"             0.00111,     0.06     0.000377219
"Line.S_1001525-DA23"             0.00111,     0.06     0.000377219
"Line.S_1001525-DA24"             0.00111,     0.06     0.000377219
"Line.S_1001214-DB1"              0.01634,     0.30     0.00496155
"Line.S_1001214-DB2"              0.01634,     0.30     0.00496155
"Line.S_1001214-DB3"              0.01634,     0.30     0.00496155
"Line.S_1001214-DB4"              0.01634,     0.30     0.00496155
"Line.S_1001214-DB5"              0.01634,     0.30     0.00496155
"Line.S_1001214-DB6"              0.01634,     0.30     0.00496155
"Line.S_1001216-DB1"              0.01634,     0.30     0.00496162
"Line.S_1001216-DB2"              0.01634,     0.30     0.00496162
"Line.S_1001216-DB3"              0.01634,     0.30     0.00496162
"Line.S_1001216-DB4"              0.01634,     0.30     0.00496162
"Line.S_1001216-DB5"              0.01634,     0.30     0.00496162
"Line.S_1001216-DB6"              0.01634,     0.30     0.00496162
"Line.S_1001217-DA1"              0.00840,     0.22     0.00254627
"Line.S_1001217-DA2"              0.00840,     0.22     0.00254627
"Line.S_1001217-DA3"              0.00840,     0.22     0.00254627
"Line.S_1001217-DA4"              0.00840,     0.22     0.00254627
"Line.S_1001217-DA5"              0.00840,     0.22     0.00254627
"Line.S_1001217-DA6"              0.00840,     0.22     0.00254627
"Line.S_1001217-DA7"              0.00840,     0.22     0.00254627
"Line.S_1001217-DA8"              0.00840,     0.22     0.00254627
"Line.S_1001218-DA1"              0.01492,     0.29     0.00453029
"Line.S_1001218-DA2"              0.01492,     0.29     0.00453029
"Line.S_1001218-DA3"              0.01492,     0.29     0.00453029
"Line.S_1001218-DA4"              0.01492,     0.29     0.00453029
"Line.S_1001218-DA5"              0.01492,     0.29     0.00453029
"Line.S_1001218-DA6"              0.01492,     0.29     0.00453029
"Line.S_1001220-DA1"              0.02148,     0.35     0.00652513
"Line.S_1001220-DA2"              0.02148,     0.35     0.00652513
"Line.S_1001220-DA3"              0.02148,     0.35     0.00652513
"Line.S_1001220-DA4"              0.02148,     0.35     0.00652513
"Line.S_1001220-DA5"              0.02148,     0.35     0.00652513
"Line.S_1001213-DB1"              0.00517,     0.17     0.00156663
"Line.S_1001213-DB2"              0.00517,     0.17     0.00156663
"Line.S_1001213-DB3"              0.00517,     0.17     0.00156663
"Line.S_1001213-DB4"              0.00517,     0.17     0.00156663
"Line.S_1001213-DB5"              0.00517,     0.17     0.00156663
"Line.S_1001213-DB6"              0.00517,     0.17     0.00156663
"Line.S_1001213-DB7"              0.00517,     0.17     0.00156663
"Line.S_1001213-DB8"              0.00517,     0.17     0.00156663
"Line.S_1001227-DC1"              0.02478,     0.38     0.00752874
"Line.S_1001227-DC2"              0.02478,     0.38     0.00752874
"Line.S_1001227-DC3"              0.02478,     0.38     0.00752874
"Line.S_1001227-DC4"              0.02478,     0.38     0.00752874
"Line.S_1001227-DC5"              0.02478,     0.38     0.00752874
"Line.S_1001226-DC1"              0.03872,     0.47     0.0117641
"Line.S_1001226-DC2"              0.03872,     0.47     0.0117641
"Line.S_1001226-DC3"              0.03872,     0.47     0.0117641
"Line.S_1001226-DC4"              0.03872,     0.47     0.0117641
"Line.S_1001225-DC1"              0.02478,     0.38     0.00752883
"Line.S_1001225-DC2"              0.02478,     0.38     0.00752883
"Line.S_1001225-DC3"              0.02478,     0.38     0.00752883
"Line.S_1001225-DC4"              0.02478,     0.38     0.00752883
"Line.S_1001225-DC5"              0.02478,     0.38     0.00752883
"Line.S_1001223-DA1"              0.03356,     0.44     0.0101966
"Line.S_1001223-DA2"              0.03356,     0.44     0.0101966
"Line.S_1001223-DA3"              0.03356,     0.44     0.0101966
"Line.S_1001223-DA4"              0.03356,     0.44     0.0101966
"Line.S_1001222-DA1"              0.00839,     0.22     0.00254621
"Line.S_1001222-DA2"              0.00839,     0.22     0.00254621
"Line.S_1001222-DA3"              0.00839,     0.22     0.00254621
"Line.S_1001222-DA4"              0.00839,     0.22     0.00254621
"Line.S_1001222-DA5"              0.00839,     0.22     0.00254621
"Line.S_1001222-DA6"              0.00839,     0.22     0.00254621
"Line.S_1001222-DA7"              0.00839,     0.22     0.00254621
"Line.S_1001222-DA8"              0.00839,     0.22     0.00254621
"Line.S_1001221-DA1"              0.53519,     1.74     0.162691
"Line.S_1001219-DA1"              0.07547,     0.66     0.0229385
"Line.S_1001219-DA2"              0.07547,     0.66     0.0229385
"Line.S_1001224-DC1"              0.01265,     0.27     0.00383952
"Line.S_1001224-DC2"              0.01265,     0.27     0.00383952
"Line.S_1001224-DC3"              0.01265,     0.27     0.00383952
"Line.S_1001224-DC4"              0.01265,     0.27     0.00383952
"Line.S_1001224-DC5"              0.01265,     0.27     0.00383952
"Line.S_1001224-DC6"              0.01265,     0.27     0.00383952
"Line.S_1001224-DC7"              0.01265,     0.27     0.00383952
"Line.S_1001228-DB1"              0.00919,     0.23     0.00278894
"Line.S_1001228-DB2"              0.00919,     0.23     0.00278894
"Line.S_1001228-DB3"              0.00919,     0.23     0.00278894
"Line.S_1001228-DB4"              0.00919,     0.23     0.00278894
"Line.S_1001228-DB5"              0.00919,     0.23     0.00278894
"Line.S_1001228-DB6"              0.00919,     0.23     0.00278894
"Line.S_1001228-DB7"              0.00919,     0.23     0.00278894
"Line.S_1001228-DB8"              0.00919,     0.23     0.00278894
"Line.S_1001229-DB1"              0.00588,     0.18     0.00178299
"Line.S_1001229-DB2"              0.00588,     0.18     0.00178299
"Line.S_1001229-DB3"              0.00588,     0.18     0.00178299
"Line.S_1001229-DB4"              0.00588,     0.18     0.00178299
"Line.S_1001229-DB5"              0.00588,     0.18     0.00178299
"Line.S_1001229-DB6"              0.00588,     0.18     0.00178299
"Line.S_1001229-DB7"              0.00588,     0.18     0.00178299
"Line.S_1001229-DB8"              0.00588,     0.18     0.00178299
"Line.S_1001229-DB9"              0.00588,     0.18     0.00178299
"Line.S_1001229-DB10"             0.00588,     0.18     0.00178299
"Line.S_1001230-DB1"              0.00726,     0.20     0.00220247
"Line.S_1001230-DB2"              0.00726,     0.20     0.00220247
"Line.S_1001230-DB3"              0.00726,     0.20     0.00220247
"Line.S_1001230-DB4"              0.00726,     0.20     0.00220247
"Line.S_1001230-DB5"              0.00726,     0.20     0.00220247
"Line.S_1001230-DB6"              0.00726,     0.20     0.00220247
"Line.S_1001230-DB7"              0.00726,     0.20     0.00220247
"Line.S_1001230-DB8"              0.00726,     0.20     0.00220247
"Line.S_1001230-DB9"              0.00726,     0.20     0.00220247
"Line.S_1001234-DC1"              0.00620,     0.19     0.0018788
"Line.S_1001234-DC2"              0.00620,     0.19     0.0018788
"Line.S_1001234-DC3"              0.00620,     0.19     0.0018788
"Line.S_1001234-DC4"              0.00620,     0.19     0.0018788
"Line.S_1001234-DC5"              0.00620,     0.19     0.0018788
"Line.S_1001234-DC6"              0.00620,     0.19     0.0018788
"Line.S_1001234-DC7"              0.00620,     0.19     0.0018788
"Line.S_1001234-DC8"              0.00620,     0.19     0.0018788
"Line.S_1001234-DC9"              0.00620,     0.19     0.0018788
"Line.S_1001234-DC10"             0.00620,     0.19     0.0018788
"Line.S_1001233-DC1"              0.03871,     0.47     0.0117631
"Line.S_1001233-DC2"              0.03871,     0.47     0.0117631
"Line.S_1001232-DC1"              0.01721,     0.31     0.00522738
"Line.S_1001232-DC2"              0.01721,     0.31     0.00522738
"Line.S_1001232-DC3"              0.01721,     0.31     0.00522738
"Line.S_1001232-DC4"              0.01721,     0.31     0.00522738
"Line.S_1001232-DC5"              0.01721,     0.31     0.00522738
"Line.S_1001232-DC6"              0.01721,     0.31     0.00522738
"Line.S_1001231-DC1"              0.00969,     0.24     0.00293846
"Line.S_1001231-DC2"              0.00969,     0.24     0.00293846
"Line.S_1001231-DC3"              0.00969,     0.24     0.00293846
"Line.S_1001231-DC4"              0.00969,     0.24     0.00293846
"Line.S_1001231-DC5"              0.00969,     0.24     0.00293846
"Line.S_1001231-DC6"              0.00969,     0.24     0.00293846
"Line.S_1001231-DC7"              0.00969,     0.24     0.00293846
"Line.S_1001231-DC8"              0.00969,     0.24     0.00293846
"Line.S_1001637-DA1"              0.01770,     0.22     0.00651204
"Line.S_1001637-DA2"              0.01770,     0.22     0.00651204
"Line.S_1001637-DA3"              0.01770,     0.22     0.00651204
"Line.S_1001637-DA4"              0.01770,     0.22     0.00651204
"Line.S_1001637-DA5"              0.01770,     0.22     0.00651204
"Line.S_1001637-DA6"              0.01770,     0.22     0.00651204
"Line.S_1003127-DB1"              0.00589,     0.18     0.00178597
"Line.S_1003133-DB1"              0.03684,     0.45     0.0111943
"Line.S_1003134-DA1"              0.07095,     0.44     0.0261996
"Line.S_1003134-DA2"              0.07095,     0.44     0.0261996
"Line.S_1003134-DA3"              0.07095,     0.44     0.0261996
"Line.S_1003125-DA1"              0.01208,     0.26     0.00366613
"Line.S_1003130-DA1"              0.00025,      0.0     6.06378E-005
"Line.S_1003130-DA2"              0.00025,      0.0     6.06378E-005
"Line.S_1003130-DA3"              0.00025,      0.0     6.06378E-005
"Line.S_1003130-DA4"              0.00025,      0.0     6.06378E-005
"Line.S_1003130-DA5"              0.00025,      0.0     6.06378E-005
"Line.S_1003130-DA6"              0.00025,      0.0     6.06378E-005
"Line.S_1003130-DA7"              0.00025,      0.0     6.06378E-005
"Line.S_1003130-DA8"              0.00025,      0.0     6.06378E-005
"Line.S_1003130-DA9"              0.00025,      0.0     6.06378E-005
"Line.S_1003130-DA10"             0.00025,      0.0     6.06378E-005
"Line.S_1003130-DA11"             0.00025,      0.0     6.06378E-005
"Line.S_1003130-DA12"             0.00025,      0.0     6.06378E-005
"Line.S_1003130-DA13"             0.00025,      0.0     6.06378E-005
"Line.S_1003130-DA14"             0.00025,      0.0     6.06378E-005
"Line.S_1003130-DA15"             0.00025,      0.0     6.06378E-005
"Line.S_1003130-DA16"             0.00025,      0.0     6.06378E-005
"Line.S_1003130-DA17"             0.00025,      0.0     6.06378E-005
"Line.S_1003130-DA18"             0.00025,      0.0     6.06378E-005
"Line.S_1003130-DA19"             0.00025,      0.0     6.06378E-005
"Line.S_1003130-DA20"             0.00025,      0.0     6.06378E-005
"Line.S_1003130-DA21"             0.00025,      0.0     6.06378E-005
"Line.S_1003130-DA22"             0.00025,      0.0     6.06378E-005
"Line.S_1003130-DA23"             0.00025,      0.0     6.06378E-005
"Line.S_1003130-DA24"             0.00025,      0.0     6.06378E-005
"Line.S_1003130-DA25"             0.00025,      0.0     6.06378E-005
"Line.S_1003130-DA26"             0.00025,      0.0     6.06378E-005
"Line.S_1003130-DA27"             0.00025,      0.0     6.06378E-005
"Line.S_1003130-DA28"             0.00025,      0.0     6.06378E-005
"Line.S_1003130-DA29"             0.00025,      0.0     6.06378E-005
"Line.S_1003130-DA30"             0.00025,      0.0     6.06378E-005
"Line.S_1003130-DA31"             0.00025,      0.0     6.06378E-005
"Line.S_1003130-DA32"             0.00025,      0.0     6.06378E-005
"Line.S_1003130-DA33"             0.00025,      0.0     6.06378E-005
"Line.S_1003130-DA34"             0.00025,      0.0     6.06378E-005
"Line.S_1003130-DA35"             0.00025,      0.0     6.06378E-005
"Line.S_1003130-DA36"             0.00025,      0.0     6.06378E-005
"Line.S_1003130-DA37"             0.00025,      0.0     6.06378E-005
"Line.S_1003130-DA38"             0.00025,      0.0     6.06378E-005
"Line.S_1003130-DA39"             0.00025,      0.0     6.06378E-005
"Line.S_1003130-DA40"             0.00025,      0.0     6.06378E-005
"Line.S_1003130-DA41"             0.00025,      0.0     6.06378E-005
"Line.S_1003130-DA42"             0.00025,      0.0     6.06378E-005
"Line.S_1003130-DA43"             0.00025,      0.0     6.06378E-005
"Line.S_1003130-DA44"             0.00025,      0.0     6.06378E-005
"Line.S_1003130-DA45"             0.00025,      0.0     6.06378E-005
"Line.S_1003130-DA46"             0.00025,      0.0     6.06378E-005
"Line.S_1003130-DA47"             0.00025,      0.0     6.06378E-005
"Line.S_1003130-DA48"             0.00025,      0.0     6.06378E-005
"Line.S_1003130-DA49"             0.00025,      0.0     6.06378E-005
"Line.S_1003130-DA50"             0.00025,      0.0     6.06378E-005
"Line.S_1003130-DA51"             0.00025,      0.0     6.06378E-005
"Line.S_1003130-DA52"             0.00025,      0.0     6.06378E-005
"Line.S_1003130-DA53"             0.00025,      0.0     6.06378E-005
"Line.S_1003130-DA54"             0.00025,      0.0     6.06378E-005
"Line.S_1003130-DA55"             0.00025,      0.0     6.06378E-005
"Line.S_1003130-DA56"             0.00025,      0.0     6.06378E-005
"Line.S_1003130-DA57"             0.00025,      0.0     6.06378E-005
"Line.S_1003130-DA58"             0.00025,      0.0     6.06378E-005
"Line.S_1003130-DA59"             0.00025,      0.0     6.06378E-005
"Line.S_1003130-DA60"             0.00025,      0.0     6.06378E-005
"Line.S_1003130-DA61"             0.00025,      0.0     6.06378E-005
"Line.S_1003130-DA62"             0.00025,      0.0     6.06378E-005
"Line.S_1003130-DA63"             0.00025,      0.0     6.06378E-005
"Line.S_1003130-DA64"             0.00025,      0.0     6.06378E-005
"Line.S_1003130-DA65"             0.00025,      0.0     6.06378E-005
"Line.S_1003130-DA66"             0.00025,      0.0     6.06378E-005
"Line.S_1003130-DA67"             0.00025,      0.0     6.06378E-005
"Line.S_1003130-DA68"             0.00025,      0.0     6.06378E-005
"Line.S_1003130-DA69"             0.00025,      0.0     6.06378E-005
"Line.S_1003130-DA70"             0.00025,      0.0     6.06378E-005
"Line.S_1003130-DA71"             0.00025,      0.0     6.06378E-005
"Line.S_1003130-DA72"             0.00025,      0.0     6.06378E-005
"Line.S_1003130-DA73"             0.00025,      0.0     6.06378E-005
"Line.S_1003130-DA74"             0.00025,      0.0     6.06378E-005
"Line.S_1003130-DA75"             0.00025,      0.0     6.06378E-005
"Line.S_1003130-DA76"             0.00025,      0.0     6.06378E-005
"Line.S_1003130-DA77"             0.00025,      0.0     6.06378E-005
"Line.S_1003130-DA78"             0.00025,      0.0     6.06378E-005
"Line.S_1003130-DA79"             0.00025,      0.0     6.06378E-005
"Line.S_1003130-DA80"             0.00025,      0.0     6.06378E-005
"Line.S_1003130-DA81"             0.00025,      0.0     6.06378E-005
"Line.S_1003130-DA82"             0.00025,      0.0     6.06378E-005
"Line.S_1003130-DA83"             0.00025,      0.0     6.06378E-005
"Line.S_1003130-DA84"             0.00025,      0.0     6.06378E-005
"Line.S_1003130-DA85"             0.00025,      0.0     6.06378E-005
"Line.S_1003130-DA86"             0.00025,      0.0     6.06378E-005
"Line.S_1003130-DA87"             0.00025,      0.0     6.06378E-005
"Line.S_1003130-DA88"             0.00025,      0.0     6.06378E-005
"Line.S_1003130-DA89"             0.00025,      0.0     6.06378E-005
"Line.S_1003130-DA90"             0.00025,      0.0     6.06378E-005
"Line.S_1003130-DA91"             0.00025,      0.0     6.06378E-005
"Line.S_1003130-DA92"             0.00025,      0.0     6.06378E-005
"Line.S_1003130-DA93"             0.00025,      0.0     6.06378E-005
"Line.S_1003130-DA94"             0.00025,      0.0     6.06378E-005
"Line.S_1003130-DA95"             0.00025,      0.0     6.06378E-005
"Line.S_1003130-DA96"             0.00025,      0.0     6.06378E-005
"Line.S_1003130-DA97"             0.00025,      0.0     6.06378E-005
"Line.S_1003130-DA98"             0.00025,      0.0     6.06378E-005
"Line.S_1003130-DA99"             0.00025,      0.0     6.06378E-005
"Line.S_1003130-DA100"            0.00025,      0.0     6.06378E-005
"Line.S_1003130-DA101"            0.00025,      0.0     6.06378E-005
"Line.S_1003130-DA102"            0.00025,      0.0     6.06378E-005
"Line.S_1003130-DA103"            0.00025,      0.0     6.06378E-005
"Line.S_1003130-DA104"            0.00025,      0.0     6.06378E-005
"Line.S_1003130-DA105"            0.00025,      0.0     6.06378E-005
"Line.S_1003130-DA106"            0.00025,      0.0     6.06378E-005
"Line.S_1003130-DA107"            0.00025,      0.0     6.06378E-005
"Line.S_1003130-DA108"            0.00025,      0.0     6.06378E-005
"Line.S_1003130-DA109"            0.00025,      0.0     6.06378E-005
"Line.S_1003130-DA110"            0.00025,      0.0     6.06378E-005
"Line.S_1003130-DA111"            0.00025,      0.0     6.06378E-005
"Line.S_1003130-DA112"            0.00025,      0.0     6.06378E-005
"Line.S_1003130-DA113"            0.00025,      0.0     6.06378E-005
"Line.S_1003130-DA114"            0.00025,      0.0     6.06378E-005
"Line.S_1003130-DA115"            0.00025,      0.0     6.06378E-005
"Line.S_1003130-DA116"            0.00025,      0.0     6.06378E-005
"Line.S_1003130-DA117"            0.00025,      0.0     6.06378E-005
"Line.S_1003130-DA118"            0.00025,      0.0     6.06378E-005
"Line.S_1003130-DA119"            0.00025,      0.0     6.06378E-005
"Line.S_1003130-DA120"            0.00025,      0.0     6.06378E-005
"Line.S_1003130-DA121"            0.00025,      0.0     6.06378E-005
"Line.S_1003130-DA122"            0.00025,      0.0     6.06378E-005
"Line.S_1003130-DA123"            0.00025,      0.0     6.06378E-005
"Line.S_1003130-DA124"            0.00025,      0.0     6.06378E-005
"Line.S_1003130-DA125"            0.00025,      0.0     6.06378E-005
"Line.S_1003130-DA126"            0.00025,      0.0     6.06378E-005
"Line.S_1003130-DA127"            0.00025,      0.0     6.06378E-005
"Line.S_1003130-DA128"            0.00025,      0.0     6.06378E-005
"Line.S_1003130-DA129"            0.00025,      0.0     6.06378E-005
"Line.S_1003130-DA130"            0.00025,      0.0     6.06378E-005
"Line.S_1003130-DA131"            0.00025,      0.0     6.06378E-005
"Line.S_1003130-DA132"            0.00025,      0.0     6.06378E-005
"Line.S_1003130-DA133"            0.00025,      0.0     6.06378E-005
"Line.S_1003130-DA134"            0.00025,      0.0     6.06378E-005
"Line.S_1003130-DA135"            0.00025,      0.0     6.06378E-005
"Line.S_1003130-DA136"            0.00025,      0.0     6.06378E-005
"Line.S_1003130-DA137"            0.00025,      0.0     6.06378E-005
"Line.S_1003130-DA138"            0.00025,      0.0     6.06378E-005
"Line.S_1003130-DA139"            0.00025,      0.0     6.06378E-005
"Line.S_1003130-DA140"            0.00025,      0.0     6.06378E-005
"Line.S_1003130-DA141"            0.00025,      0.0     6.06378E-005
"Line.S_1003130-DA142"            0.00025,      0.0     6.06378E-005
"Line.S_1003130-DA143"            0.00025,      0.0     6.06378E-005
"Line.S_1003130-DA144"            0.00025,      0.0     6.06378E-005
"Line.S_1003130-DA145"            0.00025,      0.0     6.06378E-005
"Line.S_1003130-DA146"            0.00025,      0.0     6.06378E-005
"Line.S_1003130-DA147"            0.00025,      0.0     6.06378E-005
"Line.S_1003130-DA148"            0.00025,      0.0     6.06378E-005
"Line.S_1003130-DA149"            0.00025,      0.0     6.06378E-005
"Line.S_1003130-DA150"            0.00025,      0.0     6.06378E-005
"Line.S_1003130-DA151"            0.00025,      0.0     6.06378E-005
"Line.S_1003130-DA152"            0.00025,      0.0     6.06378E-005
"Line.S_1003130-DA153"            0.00025,      0.0     6.06378E-005
"Line.S_1003130-DA154"            0.00025,      0.0     6.06378E-005
"Line.S_1003130-DA155"            0.00025,      0.0     6.06378E-005
"Line.S_1003130-DA156"            0.00025,      0.0     6.06378E-005
"Line.S_1003130-DA157"            0.00025,      0.0     6.06378E-005
"Line.S_1003130-DA158"            0.00025,      0.0     6.06378E-005
"Line.S_1003130-DA159"            0.00025,      0.0     6.06378E-005
"Line.S_1003130-DA160"            0.00025,      0.0     6.06378E-005
"Line.S_1003130-DA161"            0.00025,      0.0     6.06378E-005
"Line.S_1003130-DA162"            0.00025,      0.0     6.06378E-005
"Line.S_1003130-DA163"            0.00025,      0.0     6.06378E-005
"Line.S_1003130-DA164"            0.00025,      0.0     6.06378E-005
"Line.S_1003130-DA165"            0.00025,      0.0     6.06378E-005
"Line.S_1003130-DA166"            0.00025,      0.0     6.06378E-005
"Line.S_1003130-DA167"            0.00025,      0.0     6.06378E-005
"Line.S_1003130-DA168"            0.00025,      0.0     6.06378E-005
"Line.S_1003140-DA1"              0.78553,     1.47     0.290339
"Line.S_1003140-DA2"              0.78553,     1.47     0.290339
"Line.S_1003140-DA3"              0.78553,     1.47     0.290339
"Line.S_1007732-DA1"              0.03364,     0.44     0.0102212
"Line.S_1007732-DB1"              0.03682,     0.46     0.0111881
"Line.S_1007732-DC1"              0.03883,     0.47     0.0117989
"Line.S_1007805-DA1"              0.00842,     0.22     0.0025538
"Line.S_1007805-DA2"              0.00842,     0.22     0.0025538
"Line.S_1007805-DB1"              0.00922,     0.23     0.00279541
"Line.S_1007805-DB2"              0.00922,     0.23     0.00279541
"Line.S_1007805-DC1"              0.00972,     0.23     0.00294896
"Line.S_1007805-DC2"              0.00972,     0.23     0.00294896
"Transformer.0862099_XFMR_ABC"    0.50456,     1.04     2.21968
"Transformer.1000663_XFMR_A"      0.14461,     1.83     0.336439
"Transformer.1000663_XFMR_B"      0.14798,     1.79     0.339966
"Transformer.1000663_XFMR_C"      0.15001,     1.77     0.341811
"Transformer.1000252_XFMR_B"      0.20275,     1.66     0.443917
"Transformer.1001652_XFMR_A"      0.10902,   100.00     0.301472
"Transformer.1001746_XFMR_ABC"    0.80223,     0.83     4.44422
"Transformer.1000502_XFMR_B"      0.34785,     1.41     1.02672
"Transformer.1000824_XFMR_A"      0.14365,     1.83     0.333827
"Transformer.1000824_XFMR_B"      0.14741,     1.79     0.338382
"Transformer.1000824_XFMR_C"      0.14884,     1.76     0.33866
"Transformer.1001745_XFMR_ABC"    0.80206,     0.83     4.44327
"Transformer.1001329_XFMR_ABC"    0.50194,     1.03     2.2076
"Transformer.1001359_XFMR_ABC"    1.84179,     1.14     8.3752
"Transformer.1001330_XFMR_ABC"    0.80233,     0.83     4.44494
"Transformer.1002020_XFMR_ABC"    0.29608,   100.00     1.39004
"Transformer.1000672_XFMR_A"      0.14324,     1.82     0.332789
"Transformer.1001809_XFMR_B"      0.06315,   100.00     0.148543
"Transformer.1001708_XFMR_ABC"    2.75542,     1.13     12.5299
"Transformer.1001331_XFMR_B"      0.10911,   100.00     0.301733
"Transformer.1001345_XFMR_ABC"    0.50065,     1.03     2.20162
"Transformer.1000933_XFMR_ABC"    0.50085,     1.03     2.20241
"Transformer.1001823_XFMR_A"      0.19657,     1.69     0.433857
"Transformer.1001822_XFMR_A"      0.04503,     2.84     0.11424
"Transformer.1001822_XFMR_B"      0.04649,     2.80     0.115348
"Transformer.1001822_XFMR_C"      0.04702,     2.77     0.114701
"Transformer.1000042_XFMR_A"      0.43234,     1.38     1.28993
"Transformer.1000077_XFMR_A"      0.22684,     1.45     0.552906
"Transformer.1000474_XFMR_A"      0.22682,     1.45     0.552867
"Transformer.1000043_XFMR_A"      0.22685,     1.45     0.552919
"Transformer.1001567_XFMR_ABC"    0.50034,     1.03     2.2002
"Transformer.1000232_XFMR_C"      0.14650,   100.00     0.366236
"Transformer.1000233_XFMR_B"      0.19923,     1.65     0.435381
"Transformer.1000569_XFMR_ABC"    0.78953,     0.82     4.37598
"Transformer.1000746_XFMR_ABC"    0.78914,     0.82     4.37388
"Transformer.1001016_XFMR_ABC"    0.28920,   100.00     1.35773
"Transformer.1000608_XFMR_A"      0.33304,     1.43     0.989981
"Transformer.1000609_XFMR_A"      0.22333,     1.44     0.543613
"Transformer.1000610_XFMR_A"      0.42542,     1.37     1.26738
"Transformer.1000611_XFMR_A"      0.22329,     1.44     0.543539
"Transformer.1000612_XFMR_A"      0.42536,     1.37     1.26723
"Transformer.1000598_XFMR_C"      0.34318,     1.38     1.00226
"Transformer.1000599_XFMR_C"      0.34318,     1.38     1.00226
"Transformer.1000600_XFMR_C"      0.23106,     1.39     0.555477
"Transformer.1000602_XFMR_C"      0.23105,     1.39     0.555458
"Transformer.1000601_XFMR_C"      0.23105,     1.39     0.55546
"Transformer.1000603_XFMR_B"      0.34252,     1.40     1.00847
"Transformer.1000604_XFMR_B"      0.34251,     1.40     1.00839
"Transformer.1000605_XFMR_B"      0.43784,     1.35     1.29473
"Transformer.1000606_XFMR_B"      0.34244,     1.40     1.00817
"Transformer.1001349_XFMR_B"      0.16869,   100.00     0.455924
"Transformer.1000607_XFMR_B"      0.23015,     1.41     0.556456
"Transformer.1001933_XFMR_ABC"    3.22803,     1.00     16.5183
"Transformer.1000198_XFMR_A"      0.07813,     2.49     0.157918
"Transformer.1000548_XFMR_A"      0.22374,     1.44     0.544842
"Transformer.1000069_XFMR_ABC"    0.79069,     0.82     4.38243
"Transformer.1001316_XFMR_ABC"    0.28985,   100.00     1.36083
"Transformer.1000531_XFMR_A"      0.33399,     1.43     0.993093
"Transformer.1000533_XFMR_A"      0.33398,     1.43     0.993055
"Transformer.1000532_XFMR_A"      0.42667,     1.37     1.27146
"Transformer.1000582_XFMR_A"      0.22397,     1.44     0.54531
"Transformer.1000581_XFMR_A"      0.22395,     1.44     0.54527
"Transformer.1000537_XFMR_A"      0.33397,     1.43     0.993013
"Transformer.1000536_XFMR_A"      0.42668,     1.37     1.27148
"Transformer.1000534_XFMR_C"      0.14584,     1.75     0.330698
"Transformer.1000535_XFMR_C"      0.43986,     1.32     1.29285
"Transformer.1000586_XFMR_C"      0.23135,     1.39     0.556273
"Transformer.1000589_XFMR_C"      0.43980,     1.32     1.29266
"Transformer.1000587_XFMR_C"      0.34376,     1.38     1.00417
"Transformer.1000588_XFMR_C"      0.34375,     1.38     1.00415
"Transformer.1000585_XFMR_C"      0.23137,     1.39     0.556312
"Transformer.1000584_XFMR_C"      0.43972,     1.32     1.29236
"Transformer.1000583_XFMR_C"      0.34371,     1.38     1.00402
"Transformer.1000016_XFMR_B"      0.14550,     1.78     0.333315
"Transformer.1000015_XFMR_A"      0.22392,     1.44     0.545196
"Transformer.1000764_XFMR_ABC"    3.23131,     1.01     16.538
"Transformer.1001685_XFMR_ABC"    2.99501,   100.00     13.6171
"Transformer.1001819_XFMR_A"      0.06159,   100.00     0.144883
"Transformer.1000199_XFMR_A"      0.10068,     2.15     0.207511
"Transformer.1000199_XFMR_B"      0.10374,     2.11     0.211053
"Transformer.1000199_XFMR_C"      0.10395,     2.07     0.209101
"Transformer.1000567_XFMR_ABC"    0.78811,     0.82     4.36833
"Transformer.1001665_XFMR_ABC"    3.21810,     1.00     16.4703
"Transformer.1001577_XFMR_ABC"    5.79497,     0.90     33.1163
"Transformer.1000670_XFMR_B"      0.06223,   100.00     0.146384
"Transformer.1001339_XFMR_A"      0.06165,   100.00     0.145014
"Transformer.1001805_XFMR_A"      0.06163,   100.00     0.144978
"Transformer.1001805_XFMR_B"      0.06219,   100.00     0.146295
"Transformer.1001805_XFMR_C"      0.06124,   100.00     0.14406
"Transformer.1002055_XFMR_A"      0.14109,     1.81     0.327086
"Transformer.1002055_XFMR_B"      0.14532,     1.78     0.332908
"Transformer.1002055_XFMR_C"      0.14568,     1.74     0.330337
"Transformer.1000918_XFMR_C"      0.06118,   100.00     0.143919
"Transformer.1000538_XFMR_A"      0.10068,     2.15     0.207514
"Transformer.1000538_XFMR_B"      0.10366,     2.11     0.210864
"Transformer.1000538_XFMR_C"      0.10392,     2.07     0.20904
"Transformer.1000087_XFMR_A"      0.10065,     2.15     0.207444
"Transformer.1000087_XFMR_B"      0.10362,     2.11     0.210761
"Transformer.1000087_XFMR_C"      0.10389,     2.07     0.208956
"Transformer.1000070_XFMR_B"      0.43793,     1.34     1.29511
"Transformer.1000071_XFMR_A"      0.10063,     2.15     0.207387
"Transformer.1000071_XFMR_B"      0.10358,     2.11     0.210663
"Transformer.1000071_XFMR_C"      0.10386,     2.07     0.208893
"Transformer.1000119_XFMR_B"      0.08000,     2.43     0.159933
"Transformer.1002001_XFMR_ABC"    0.49419,     1.03     2.17166
"Transformer.1000330_XFMR_C"      0.23068,     1.39     0.554497
"Transformer.1000331_XFMR_A"      0.07594,   100.00     0.189804
"Transformer.1000331_XFMR_B"      0.07657,   100.00     0.191375
"Transformer.1000331_XFMR_C"      0.07540,   100.00     0.188456
"Transformer.1000277_XFMR_C"      0.14535,     1.74     0.32946
"Transformer.1000256_XFMR_A"      0.06149,   100.00     0.144631
"Transformer.1000256_XFMR_B"      0.06200,   100.00     0.145831
"Transformer.1000256_XFMR_C"      0.06105,   100.00     0.143614
"Transformer.1001523_XFMR_A"      0.14076,     1.81     0.326154
"Transformer.1001523_XFMR_B"      0.14490,     1.77     0.331731
"Transformer.1001523_XFMR_C"      0.14526,     1.74     0.32916
"Transformer.1001522_XFMR_ABC"    0.78851,     0.82     4.37085
"Transformer.1001524_XFMR_ABC"    0.49356,     1.03     2.16875
"Transformer.1001525_XFMR_ABC"    0.49357,     1.03     2.1688
"Transformer.1001214_XFMR_B"      0.43916,     1.35     1.29908
"Transformer.1001215_XFMR_B"      0.32959,   100.00     1.09857
"Transformer.1001216_XFMR_B"      0.43919,     1.35     1.29918
"Transformer.1001217_XFMR_A"      0.42666,     1.37     1.27147
"Transformer.1001218_XFMR_A"      0.42660,     1.37     1.2713
"Transformer.1001220_XFMR_A"      0.42657,     1.37     1.27121
"Transformer.1001213_XFMR_B"      0.34350,     1.40     1.01173
"Transformer.1001227_XFMR_C"      0.44000,     1.32     1.29338
"Transformer.1001226_XFMR_C"      0.43998,     1.32     1.29337
"Transformer.1001225_XFMR_C"      0.44003,     1.32     1.29348
"Transformer.1001223_XFMR_A"      0.42657,     1.37     1.27127
"Transformer.1001222_XFMR_A"      0.42660,     1.37     1.27125
"Transformer.1001221_XFMR_A"      0.42614,     1.37     1.27041
"Transformer.1001219_XFMR_A"      0.33377,     1.43     0.992615
"Transformer.1001224_XFMR_C"      0.44010,     1.32     1.29366
"Transformer.1001228_XFMR_B"      0.43923,     1.35     1.29927
"Transformer.1001229_XFMR_B"      0.43919,     1.35     1.29913
"Transformer.1001230_XFMR_B"      0.43918,     1.35     1.29909
"Transformer.1001234_XFMR_C"      0.44013,     1.32     1.29371
"Transformer.1001233_XFMR_C"      0.23153,     1.39     0.556792
"Transformer.1001232_XFMR_C"      0.44003,     1.32     1.29344
"Transformer.1001231_XFMR_C"      0.44005,     1.32     1.29346
"Transformer.1000916_XFMR_B"      0.10745,   100.00     0.29715
"Transformer.1001637_XFMR_ABC"    0.49475,     1.03     2.17431
"Transformer.1003053_XFMR_C"      0.07742,   100.00     0.193487
"Transformer.1001557_XFMR_B"      0.16845,   100.00     0.455265
"Transformer.1000801_XFMR_A"      0.14716,   100.00     0.367886
"Transformer.1003127_XFMR_B"      0.08115,     2.45     0.162537
"Transformer.1003133_XFMR_B"      0.14750,     1.79     0.338674
"Transformer.1003134_XFMR_ABC"    0.50068,     1.03     2.20175
"Transformer.1003125_XFMR_A"      0.10056,     2.14     0.207226
"Transformer.1003130_XFMR_ABC"    1.84494,     1.14     8.39136
"Transformer.1003140_XFMR_ABC"    1.83739,     1.14     8.35649
"Transformer.1007732_XFMR_A"      0.14319,     1.82     0.332665
"Transformer.1007732_XFMR_B"      0.14708,     1.79     0.337573
"Transformer.1007732_XFMR_C"      0.14833,     1.76     0.337377
"Transformer.1007805_XFMR_A"      0.14362,     1.83     0.33376
"Transformer.1007805_XFMR_B"      0.14738,     1.79     0.338313
"Transformer.1007805_XFMR_C"      0.14881,     1.76     0.338591
"Capacitor.CP-NR-613"             0.00000,      0.0     -1090.3
"Capacitor.CP-85W-900"            0.00000,      0.0     -1089.71

LINE LOSSES=                       158.7 kW
TRANSFORMER LOSSES=                 71.5 kW

TOTAL LOSSES=                      230.3 kW

TOTAL LOAD POWER =               76298.1 kW
Percent Losses for Circuit =      0.30 %
